{"app":"com.nianticlabs.ardksamples","autofocus":1,"captureGroup":{"sequence":0,"uuid":"018bfcc4-f75a-7035-80c9-0e280000ffff"},"coordinates":"opengl","depthSource":"none","duration":21.245,"formatVersion":"1","frameCount":319,"framerate":14.96822781831019,"frames":[{"exposure":0.0,"image":"frame_00000000.jpg","intrinsics":[545.3966064453125,545.3966064453125,346.011962890625,269.08477783203125,0.0],"location":{"altitude":102.93238067626953,"altitudeAccuracy":10.056626319885254,"heading":130.3238525390625,"headingAccuracy":14.257808685302734,"headingTimestamp":1700752844.0,"latitude":43.65376281738281,"longitude":-79.41069793701172,"positionAccuracy":14.257808685302734,"positionSource":"corelocation","positionTimestamp":1700752844.0},"pose":[0.06090522184967995,0.009275401011109352,-0.011017167009413242,-0.028183938935399055,-0.07287455350160599,-0.7043765187263489,0.7055134177207947],"pose4x4":[-0.002913951873779297,-0.9897863864898682,0.14253216981887817,0.0,0.9980019330978394,0.0061187744140625,0.06289395689964294,0.0,-0.06312374025583267,0.14243054389953613,0.9877899289131165,0.0,0.06090522184967995,0.009275401011109352,-0.011017167009413242,1.0],"resolution":[720,540],"sequence":0,"timestamp":1700752848.0,"tracking":2,"trackingReason":0},{"exposure":0.0,"image":"frame_00000001.jpg","intrinsics":[545.3849487304688,545.3849487304688,346.00811767578125,269.0986022949219,0.0],"location":{"altitude":102.93238067626953,"altitudeAccuracy":10.056626319885254,"heading":130.3238525390625,"headingAccuracy":14.257808685302734,"headingTimestamp":1700752844.0,"latitude":43.65376281738281,"longitude":-79.41069793701172,"positionAccuracy":14.257808685302734,"positionSource":"corelocation","positionTimestamp":1700752844.0},"pose":[0.06376095861196518,0.009393484331667423,-0.012693413533270359,-0.03209957852959633,-0.07100975513458252,-0.7071568369865417,0.7027486562728882],"pose4x4":[-0.01022636890411377,-0.989348292350769,0.1452028900384903,0.0,0.9984657764434814,-0.0022023916244506836,0.05531419813632965,0.0,-0.054405149072408676,0.14554594457149506,0.9878544807434082,0.0,0.06376095861196518,0.009393484331667423,-0.012693413533270359,1.0],"resolution":[720,540],"sequence":1,"timestamp":1700752848.116,"tracking":2,"trackingReason":0},{"exposure":0.0,"image":"frame_00000002.jpg","intrinsics":[545.3849487304688,545.3849487304688,345.99407958984375,269.0931091308594,0.0],"location":{"altitude":102.93238067626953,"altitudeAccuracy":10.056626319885254,"heading":130.3238525390625,"headingAccuracy":14.257808685302734,"headingTimestamp":1700752844.0,"latitude":43.65376281738281,"longitude":-79.41069793701172,"positionAccuracy":14.257808685302734,"positionSource":"corelocation","positionTimestamp":1700752844.0},"pose":[0.06446841359138489,0.009211145341396332,-0.013921527191996574,-0.03291210159659386,-0.06997042149305344,-0.7076816558837891,0.7022877931594849],"pose4x4":[-0.011418342590332031,-0.9893866181373596,0.14486132562160492,0.0,0.9985981583595276,-0.003793001174926758,0.052806030958890915,0.0,-0.05169616639614105,0.14526109397411346,0.988041877746582,0.0,0.06446841359138489,0.009211145341396332,-0.013921527191996574,1.0],"resolution":[720,540],"sequence":2,"timestamp":1700752848.183,"tracking":2,"trackingReason":0},{"exposure":0.0,"image":"frame_00000003.jpg","intrinsics":[545.58154296875,545.58154296875,346.01904296875,269.12176513671875,0.0],"location":{"altitude":102.93238067626953,"altitudeAccuracy":10.056626319885254,"heading":130.3238525390625,"headingAccuracy":14.257808685302734,"headingTimestamp":1700752844.0,"latitude":43.65376281738281,"longitude":-79.41069793701172,"positionAccuracy":14.257808685302734,"positionSource":"corelocation","positionTimestamp":1700752844.0},"pose":[0.06521067768335342,0.008871558122336864,-0.015676215291023254,-0.03403698280453682,-0.07057306170463562,-0.7075269222259521,0.702329695224762],"pose4x4":[-0.011149764060974121,-0.989030122756958,0.147295281291008,0.0,0.9986385107040405,-0.003505706787109375,0.05205431580543518,0.0,-0.05096695199608803,0.1476750522851944,0.987721860408783,0.0,0.06521067768335342,0.008871558122336864,-0.015676215291023254,1.0],"resolution":[720,540],"sequence":3,"timestamp":1700752848.25,"tracking":2,"trackingReason":0},{"exposure":0.0,"image":"frame_00000004.jpg","intrinsics":[545.57177734375,545.57177734375,346.00433349609375,269.1390075683594,0.0],"location":{"altitude":102.93238067626953,"altitudeAccuracy":10.056626319885254,"heading":130.3238525390625,"headingAccuracy":14.257808685302734,"headingTimestamp":1700752844.0,"latitude":43.65376281738281,"longitude":-79.41069793701172,"positionAccuracy":14.257808685302734,"positionSource":"corelocation","positionTimestamp":1700752844.0},"pose":[0.06573998928070068,0.008583388291299343,-0.01697605848312378,-0.03510987386107445,-0.06989213079214096,-0.7069067358970642,0.702969491481781],"pose4x4":[-0.00920414924621582,-0.9889599680900574,0.14790287613868713,0.0,0.9987755417823792,-0.00189971923828125,0.04945209622383118,0.0,-0.04862525686621666,0.14817677438259125,0.9877647757530212,0.0,0.06573998928070068,0.008583388291299343,-0.01697605848312378,1.0],"resolution":[720,540],"sequence":4,"timestamp":1700752848.316,"tracking":2,"trackingReason":0},{"exposure":0.0,"image":"frame_00000005.jpg","intrinsics":[545.57568359375,545.57568359375,346.0054626464844,269.1685791015625,0.0],"location":{"altitude":102.93238067626953,"altitudeAccuracy":10.056626319885254,"heading":130.3238525390625,"headingAccuracy":14.257808685302734,"headingTimestamp":1700752844.0,"latitude":43.65376281738281,"longitude":-79.41069793701172,"positionAccuracy":14.257808685302734,"positionSource":"corelocation","positionTimestamp":1700752844.0},"pose":[0.06665731966495514,0.008339130319654942,-0.01799856126308441,-0.03592788055539131,-0.06831672042608261,-0.7065086960792542,0.7034826874732971],"pose4x4":[-0.007643461227416992,-0.9891242980957031,0.14688599109649658,0.0,0.9989422559738159,-0.0008907318115234375,0.04598343372344971,0.0,-0.04535254091024399,0.14708200097084045,0.9880840182304382,0.0,0.06665731966495514,0.008339130319654942,-0.01799856126308441,1.0],"resolution":[720,540],"sequence":5,"timestamp":1700752848.383,"tracking":2,"trackingReason":0},{"exposure":0.0,"image":"frame_00000006.jpg","intrinsics":[545.59130859375,545.59130859375,346.019775390625,269.16131591796875,0.0],"location":{"altitude":102.93238067626953,"altitudeAccuracy":10.056626319885254,"heading":130.3238525390625,"headingAccuracy":14.257808685302734,"headingTimestamp":1700752844.0,"latitude":43.65376281738281,"longitude":-79.41069793701172,"positionAccuracy":14.257808685302734,"positionSource":"corelocation","positionTimestamp":1700752844.0},"pose":[0.06810376793146133,0.008126818574965,-0.01982554793357849,-0.03683684393763542,-0.06675469875335693,-0.7059400677680969,0.7041558027267456],"pose4x4":[-0.005615115165710449,-0.9892655611038208,0.14602062106132507,0.0,0.9991016387939453,0.000583350658416748,0.042371880263090134,0.0,-0.04200220853090286,0.146127387881279,0.9883736968040466,0.0,0.06810376793146133,0.008126818574965,-0.01982554793357849,1.0],"resolution":[720,540],"sequence":6,"timestamp":1700752848.45,"tracking":2,"trackingReason":0},{"exposure":0.0,"image":"frame_00000007.jpg","intrinsics":[545.5892944335938,545.5892944335938,346.0105285644531,269.18505859375,0.0],"location":{"altitude":102.93238067626953,"altitudeAccuracy":10.056626319885254,"heading":130.3238525390625,"headingAccuracy":14.257808685302734,"headingTimestamp":1700752844.0,"latitude":43.65376281738281,"longitude":-79.41069793701172,"positionAccuracy":14.257808685302734,"positionSource":"corelocation","positionTimestamp":1700752844.0},"pose":[0.06970741599798203,0.007755271624773741,-0.021781936287879944,-0.03913651406764984,-0.06429624557495117,-0.7055999636650085,0.7046014070510864],"pose4x4":[-0.004010677337646484,-0.9893007874488831,0.14583589136600494,0.0,0.9993661046028137,0.0011940598487854004,0.03558356687426567,0.0,-0.035377006977796555,0.1458861380815506,0.98866868019104,0.0,0.06970741599798203,0.007755271624773741,-0.021781936287879944,1.0],"resolution":[720,540],"sequence":7,"timestamp":1700752848.517,"tracking":2,"trackingReason":0},{"exposure":0.0,"image":"frame_00000008.jpg","intrinsics":[545.58154296875,545.58154296875,346.0062561035156,269.1787414550781,0.0],"location":{"altitude":102.93238067626953,"altitudeAccuracy":10.056626319885254,"heading":130.3238525390625,"headingAccuracy":14.257808685302734,"headingTimestamp":1700752844.0,"latitude":43.65376281738281,"longitude":-79.41069793701172,"positionAccuracy":14.257808685302734,"positionSource":"corelocation","positionTimestamp":1700752844.0},"pose":[0.07126668840646744,0.0064921448938548565,-0.024299032986164093,-0.04110581427812576,-0.06102680787444115,-0.7049823999404907,0.7053980231285095],"pose4x4":[-0.0014488697052001953,-0.9895693063735962,0.1440541297197342,0.0,0.9996035099029541,0.002620220184326172,0.028053730726242065,0.0,-0.028138626366853714,0.14403757452964783,0.989172101020813,0.0,0.07126668840646744,0.0064921448938548565,-0.024299032986164093,1.0],"resolution":[720,540],"sequence":8,"timestamp":1700752848.583,"tracking":2,"trackingReason":0},{"exposure":0.0,"image":"frame_00000009.jpg","intrinsics":[545.58154296875,545.58154296875,346.00775146484375,269.17047119140625,0.0],"location":{"altitude":102.93238067626953,"altitudeAccuracy":10.056626319885254,"heading":130.3238525390625,"headingAccuracy":14.257808685302734,"headingTimestamp":1700752844.0,"latitude":43.65376281738281,"longitude":-79.41069793701172,"positionAccuracy":14.257808685302734,"positionSource":"corelocation","positionTimestamp":1700752844.0},"pose":[0.07316295057535172,0.0059349024668335915,-0.026854582130908966,-0.04364457726478577,-0.05853687599301338,-0.704276442527771,0.7061609029769897],"pose4x4":[0.0011363029479980469,-0.9895553588867188,0.14414860308170319,0.0,0.9997745752334595,0.004179716110229492,0.02081209421157837,0.0,-0.021197214722633362,0.14409247040748596,0.989337146282196,0.0,0.07316295057535172,0.0059349024668335915,-0.026854582130908966,1.0],"resolution":[720,540],"sequence":9,"timestamp":1700752848.65,"tracking":2,"trackingReason":0},{"exposure":0.0,"image":"frame_00000010.jpg","intrinsics":[545.5892944335938,545.5892944335938,346.0133972167969,269.2090148925781,0.0],"location":{"altitude":102.93238067626953,"altitudeAccuracy":10.056626319885254,"heading":130.3238525390625,"headingAccuracy":14.257808685302734,"headingTimestamp":1700752844.0,"latitude":43.65376281738281,"longitude":-79.41069793701172,"positionAccuracy":14.257808685302734,"positionSource":"corelocation","positionTimestamp":1700752844.0},"pose":[0.07472376525402069,0.005117783788591623,-0.029242059215903282,-0.04740524664521217,-0.05594424530863762,-0.7040678858757019,0.7063363790512085],"pose4x4":[0.0023173093795776367,-0.9893134236335754,0.145783931016922,0.0,0.9999216198921204,0.004082322120666504,0.011808991432189941,0.0,-0.012277886271476746,0.145745187997818,0.9892459511756897,0.0,0.07472376525402069,0.005117783788591623,-0.029242059215903282,1.0],"resolution":[720,540],"sequence":10,"timestamp":1700752848.717,"tracking":2,"trackingReason":0},{"exposure":0.0,"image":"frame_00000011.jpg","intrinsics":[545.5621337890625,545.5621337890625,346.005615234375,269.1849365234375,0.0],"location":{"altitude":102.93238067626953,"altitudeAccuracy":10.056626319885254,"heading":130.3238525390625,"headingAccuracy":14.257808685302734,"headingTimestamp":1700752844.0,"latitude":43.65376281738281,"longitude":-79.41069793701172,"positionAccuracy":14.257808685302734,"positionSource":"corelocation","positionTimestamp":1700752844.0},"pose":[0.07548649609088898,0.004875189624726772,-0.030996602028608322,-0.048813607543706894,-0.05292025953531265,-0.7028247714042664,0.7077103853225708],"pose4x4":[0.0064736008644104,-0.9896262884140015,0.14351925253868103,0.0,0.9999592304229736,0.0073091983795166016,0.005295544862747192,0.0,-0.0062896087765693665,0.1434791386127472,0.9896333813667297,0.0,0.07548649609088898,0.004875189624726772,-0.030996602028608322,1.0],"resolution":[720,540],"sequence":11,"timestamp":1700752848.783,"tracking":2,"trackingReason":0},{"exposure":0.0,"image":"frame_00000012.jpg","intrinsics":[545.5892944335938,545.5892944335938,346.005615234375,269.2083435058594,0.0],"location":{"altitude":102.93238067626953,"altitudeAccuracy":10.056626319885254,"heading":130.3238525390625,"headingAccuracy":14.257808685302734,"headingTimestamp":1700752844.0,"latitude":43.65376281738281,"longitude":-79.41069793701172,"positionAccuracy":14.257808685302734,"positionSource":"corelocation","positionTimestamp":1700752844.0},"pose":[0.07538608461618423,0.0044845035299658775,-0.03349906951189041,-0.05076887831091881,-0.05039254575967789,-0.7022063732147217,0.7083710432052612],"pose4x4":[0.008733630180358887,-0.989728569984436,0.14269369840621948,0.0,0.9999620914459229,0.008657455444335938,-0.001154474914073944,0.0,-9.278208017349243e-05,0.14269834756851196,0.9897662401199341,0.0,0.07538608461618423,0.0044845035299658775,-0.03349906951189041,1.0],"resolution":[720,540],"sequence":12,"timestamp":1700752848.85,"tracking":2,"trackingReason":0},{"exposure":0.0,"image":"frame_00000013.jpg","intrinsics":[545.5678100585938,545.5678100585938,346.0161437988281,269.207275390625,0.0],"location":{"altitude":102.93238067626953,"altitudeAccuracy":10.056626319885254,"heading":130.3238525390625,"headingAccuracy":14.257808685302734,"headingTimestamp":1700752844.0,"latitude":43.65376281738281,"longitude":-79.41069793701172,"positionAccuracy":14.257808685302734,"positionSource":"corelocation","positionTimestamp":1700752844.0},"pose":[0.07333742082118988,0.004130525980144739,-0.03641017898917198,-0.05401002615690231,-0.050440166145563126,-0.7011445760726929,0.7091793417930603],"pose4x4":[0.01170414686203003,-0.9890259504318237,0.14727991819381714,0.0,0.9999229907989502,0.010958433151245117,-0.005873888731002808,0.0,0.004195421934127808,0.14733728766441345,0.9890773892402649,0.0,0.07333742082118988,0.004130525980144739,-0.03641017898917198,1.0],"resolution":[720,540],"sequence":13,"timestamp":1700752848.917,"tracking":2,"trackingReason":0},{"exposure":0.0,"image":"frame_00000014.jpg","intrinsics":[545.56982421875,545.56982421875,346.0147705078125,269.2784729003906,0.0],"location":{"altitude":102.93238067626953,"altitudeAccuracy":10.056626319885254,"heading":130.3238525390625,"headingAccuracy":14.257808685302734,"headingTimestamp":1700752844.0,"latitude":43.65376281738281,"longitude":-79.41069793701172,"positionAccuracy":14.257808685302734,"positionSource":"corelocation","positionTimestamp":1700752844.0},"pose":[0.0721123069524765,0.0028015575371682644,-0.04119516536593437,-0.057682380080223083,-0.04966253787279129,-0.7004078030586243,0.7096725106239319],"pose4x4":[0.01392507553100586,-0.9883909821510315,0.1512906551361084,0.0,0.9998496174812317,0.012203335762023926,-0.01230313628911972,0.0,0.010314106941223145,0.15143924951553345,0.9884127378463745,0.0,0.0721123069524765,0.0028015575371682644,-0.04119516536593437,1.0],"resolution":[720,540],"sequence":14,"timestamp":1700752848.983,"tracking":2,"trackingReason":0},{"exposure":0.0,"image":"frame_00000015.jpg","intrinsics":[545.5834350585938,545.5834350585938,346.011474609375,269.338623046875,0.0],"location":{"altitude":102.93238067626953,"altitudeAccuracy":10.056626319885254,"heading":130.3238525390625,"headingAccuracy":14.257808685302734,"headingTimestamp":1700752844.0,"latitude":43.65376281738281,"longitude":-79.41069793701172,"positionAccuracy":14.257808685302734,"positionSource":"corelocation","positionTimestamp":1700752844.0},"pose":[0.06847380101680756,0.00208930647931993,-0.04556047543883324,-0.05996312201023102,-0.047442659735679626,-0.6990970373153687,0.7109264731407166],"pose4x4":[0.01802504062652588,-0.9883235692977905,0.15129655599594116,0.0,0.9997028112411499,0.015335500240325928,-0.01892469823360443,0.0,0.016383595764636993,0.15159279108047485,0.9883072376251221,0.0,0.06847380101680756,0.00208930647931993,-0.04556047543883324,1.0],"resolution":[720,540],"sequence":15,"timestamp":1700752849.05,"tracking":2,"trackingReason":0},{"exposure":0.0,"image":"frame_00000016.jpg","intrinsics":[545.3849487304688,545.3849487304688,345.9859619140625,269.35394287109375,0.0],"location":{"altitude":102.93238067626953,"altitudeAccuracy":10.056626319885254,"heading":130.3238525390625,"headingAccuracy":14.257808685302734,"headingTimestamp":1700752844.0,"latitude":43.65376281738281,"longitude":-79.41069793701172,"positionAccuracy":14.257808685302734,"positionSource":"corelocation","positionTimestamp":1700752844.0},"pose":[0.06386523693799973,0.0005835301126353443,-0.052267637103796005,-0.0657440647482872,-0.04780881479382515,-0.69969642162323,0.709800660610199],"pose4x4":[0.016278445720672607,-0.9870036840438843,0.15987122058868408,0.0,0.999576210975647,0.012205243110656738,-0.026427045464515686,0.0,0.024132318794727325,0.16023367643356323,0.9867841005325317,0.0,0.06386523693799973,0.0005835301126353443,-0.052267637103796005,1.0],"resolution":[720,540],"sequence":16,"timestamp":1700752849.117,"tracking":2,"trackingReason":0},{"exposure":0.0,"image":"frame_00000017.jpg","intrinsics":[545.3868408203125,545.3868408203125,346.029541015625,269.44287109375,0.0],"location":{"altitude":102.93238067626953,"altitudeAccuracy":10.056626319885254,"heading":130.3238525390625,"headingAccuracy":14.257808685302734,"headingTimestamp":1700752844.0,"latitude":43.65376281738281,"longitude":-79.41069793701172,"positionAccuracy":14.257808685302734,"positionSource":"corelocation","positionTimestamp":1700752844.0},"pose":[0.05780559405684471,-0.0015610319096595049,-0.060569554567337036,-0.07145275175571442,-0.04595792666077614,-0.699044406414032,0.7100135087966919],"pose4x4":[0.018449604511260986,-0.9860942959785461,0.16515879333019257,0.0,0.9992296099662781,0.012462854385375977,-0.037211574614048004,0.0,0.03463579714298248,0.16571810841560364,0.9855647683143616,0.0,0.05780559405684471,-0.0015610319096595049,-0.060569554567337036,1.0],"resolution":[720,540],"sequence":17,"timestamp":1700752849.184,"tracking":2,"trackingReason":0},{"exposure":0.0,"image":"frame_00000018.jpg","intrinsics":[545.57568359375,545.57568359375,346.0494689941406,269.4888610839844,0.0],"location":{"altitude":102.93238067626953,"altitudeAccuracy":10.056626319885254,"heading":130.3238525390625,"headingAccuracy":14.257808685302734,"headingTimestamp":1700752844.0,"latitude":43.65376281738281,"longitude":-79.41069793701172,"positionAccuracy":14.257808685302734,"positionSource":"corelocation","positionTimestamp":1700752844.0},"pose":[0.04643885791301727,-0.003086451441049576,-0.06522992998361588,-0.0749451220035553,-0.04517015442252159,-0.6976693272590637,0.7110559344291687],"pose4x4":[0.0224342942237854,-0.9853932857513428,0.16881084442138672,0.0,0.9989343881607056,0.015281438827514648,-0.04355268180370331,0.0,0.04033681005239487,0.169608011841774,0.9846857786178589,0.0,0.04643885791301727,-0.003086451441049576,-0.06522992998361588,1.0],"resolution":[720,540],"sequence":18,"timestamp":1700752849.25,"tracking":2,"trackingReason":0},{"exposure":0.0,"image":"frame_00000019.jpg","intrinsics":[545.58740234375,545.58740234375,346.03302001953125,269.56005859375,0.0],"location":{"altitude":102.93238067626953,"altitudeAccuracy":10.056626319885254,"heading":130.3238525390625,"headingAccuracy":14.257808685302734,"headingTimestamp":1700752844.0,"latitude":43.65376281738281,"longitude":-79.41069793701172,"positionAccuracy":14.257808685302734,"positionSource":"corelocation","positionTimestamp":1700752844.0},"pose":[0.0353897362947464,-0.004447933752089739,-0.07386817038059235,-0.07689698040485382,-0.042920056730508804,-0.6978013515472412,0.7108569145202637],"pose4x4":[0.02246224880218506,-0.9854729771614075,0.16833767294883728,0.0,0.9986746907234192,0.0143202543258667,-0.04942614957690239,0.0,0.0462975949048996,0.1692248433828354,0.9844894409179688,0.0,0.0353897362947464,-0.004447933752089739,-0.07386817038059235,1.0],"resolution":[720,540],"sequence":19,"timestamp":1700752849.317,"tracking":2,"trackingReason":0},{"exposure":0.0,"image":"frame_00000020.jpg","intrinsics":[545.57958984375,545.57958984375,346.02532958984375,269.6052551269531,0.0],"location":{"altitude":102.93238067626953,"altitudeAccuracy":10.056626319885254,"heading":130.3238525390625,"headingAccuracy":14.257808685302734,"headingTimestamp":1700752844.0,"latitude":43.65376281738281,"longitude":-79.41069793701172,"positionAccuracy":14.257808685302734,"positionSource":"corelocation","positionTimestamp":1700752844.0},"pose":[0.020588815212249756,-0.005159566178917885,-0.08080775290727615,-0.07722269743680954,-0.04068763554096222,-0.6986735463142395,0.7100964188575745],"pose4x4":[0.02039957046508789,-0.9859671592712402,0.16569119691848755,0.0,0.99853515625,0.011783838272094727,-0.052816372364759445,0.0,0.05012262612581253,0.16652587056159973,0.9847623705863953,0.0,0.020588815212249756,-0.005159566178917885,-0.08080775290727615,1.0],"resolution":[720,540],"sequence":20,"timestamp":1700752849.384,"tracking":2,"trackingReason":0},{"exposure":0.0,"image":"frame_00000021.jpg","intrinsics":[545.5621337890625,545.5621337890625,346.0331115722656,269.64080810546875,0.0],"location":{"altitude":102.93238067626953,"altitudeAccuracy":10.056626319885254,"heading":130.3238525390625,"headingAccuracy":14.257808685302734,"headingTimestamp":1700752844.0,"latitude":43.65376281738281,"longitude":-79.41069793701172,"positionAccuracy":14.257808685302734,"positionSource":"corelocation","positionTimestamp":1700752844.0},"pose":[0.0038882377557456493,-0.005374581553041935,-0.08650674670934677,-0.07857053726911545,-0.039730340242385864,-0.6998113393783569,0.7088811993598938],"pose4x4":[0.017371177673339844,-0.9859229326248169,0.1662972867488861,0.0,0.9984095096588135,0.008181512355804443,-0.0557868666946888,0.0,0.053640928119421005,0.1670018434524536,0.9844963550567627,0.0,0.0038882377557456493,-0.005374581553041935,-0.08650674670934677,1.0],"resolution":[720,540],"sequence":21,"timestamp":1700752849.45,"tracking":2,"trackingReason":0},{"exposure":0.0,"image":"frame_00000022.jpg","intrinsics":[545.6165771484375,545.6165771484375,346.0489196777344,269.5842590332031,0.0],"location":{"altitude":102.93238067626953,"altitudeAccuracy":10.056626319885254,"heading":130.3238525390625,"headingAccuracy":14.257808685302734,"headingTimestamp":1700752844.0,"latitude":43.65376281738281,"longitude":-79.41069793701172,"positionAccuracy":14.257808685302734,"positionSource":"corelocation","positionTimestamp":1700752844.0},"pose":[-0.013291892595589161,-0.003921749535948038,-0.09224618971347809,-0.07805310934782028,-0.03961968794465065,-0.7007375359535217,0.7080294489860535],"pose4x4":[0.014794349670410156,-0.9861007332801819,0.16549329459667206,0.0,0.9984704852104187,0.005749225616455078,-0.055001795291900635,0.0,0.05328567326068878,0.16605380177497864,0.9846760034561157,0.0,-0.013291892595589161,-0.003921749535948038,-0.09224618971347809,1.0],"resolution":[720,540],"sequence":22,"timestamp":1700752849.517,"tracking":2,"trackingReason":0},{"exposure":0.0,"image":"frame_00000023.jpg","intrinsics":[545.5601196289063,545.5601196289063,346.01727294921875,269.6524963378906,0.0],"location":{"altitude":102.93238067626953,"altitudeAccuracy":10.056626319885254,"heading":130.3238525390625,"headingAccuracy":14.257808685302734,"headingTimestamp":1700752844.0,"latitude":43.65376281738281,"longitude":-79.41069793701172,"positionAccuracy":14.257808685302734,"positionSource":"corelocation","positionTimestamp":1700752844.0},"pose":[-0.028604956343770027,-0.0023201778531074524,-0.09741105139255524,-0.07511696219444275,-0.03736952319741249,-0.7021821737289429,0.7070372700691223],"pose4x4":[0.011087417602539063,-0.9873237609863281,0.158334881067276,0.0,0.9985520839691162,0.002595245838165283,-0.05374055728316307,0.0,0.05264829471707344,0.15870140492916107,0.9859219193458557,0.0,-0.028604956343770027,-0.0023201778531074524,-0.09741105139255524,1.0],"resolution":[720,540],"sequence":23,"timestamp":1700752849.584,"tracking":2,"trackingReason":0},{"exposure":0.0,"image":"frame_00000024.jpg","intrinsics":[545.59130859375,545.59130859375,345.961181640625,269.5357360839844,0.0],"location":{"altitude":102.93238067626953,"altitudeAccuracy":10.056626319885254,"heading":130.3238525390625,"headingAccuracy":14.257808685302734,"headingTimestamp":1700752844.0,"latitude":43.65376281738281,"longitude":-79.41069793701172,"positionAccuracy":14.257808685302734,"positionSource":"corelocation","positionTimestamp":1700752844.0},"pose":[-0.04314238950610161,-0.0008906256407499313,-0.10177277773618698,-0.07191044092178345,-0.03616786003112793,-0.7059153318405151,0.7037075161933899],"pose4x4":[0.0007508397102355957,-0.988314151763916,0.1524285525083542,0.0,0.9987175464630127,-0.0069751739501953125,-0.050144944339990616,0.0,0.05062217637896538,0.15227073431015015,0.9870415329933167,0.0,-0.04314238950610161,-0.0008906256407499313,-0.10177277773618698,1.0],"resolution":[720,540],"sequence":24,"timestamp":1700752849.65,"tracking":2,"trackingReason":0},{"exposure":0.0,"image":"frame_00000025.jpg","intrinsics":[545.3790893554688,545.3790893554688,345.95330810546875,269.4512939453125,0.0],"location":{"altitude":102.93238067626953,"altitudeAccuracy":10.056626319885254,"heading":130.3238525390625,"headingAccuracy":14.257808685302734,"headingTimestamp":1700752844.0,"latitude":43.65376281738281,"longitude":-79.41069793701172,"positionAccuracy":14.257808685302734,"positionSource":"corelocation","positionTimestamp":1700752844.0},"pose":[-0.058234088122844696,-0.0008683623746037483,-0.10570638626813889,-0.07121847569942474,-0.03678379952907562,-0.7071589231491089,0.7024967074394226],"pose4x4":[-0.0028535127639770508,-0.9883142709732056,0.15240655839443207,0.0,0.9987930059432983,-0.010291576385498047,-0.04803750663995743,0.0,0.04904456436634064,0.15208548307418823,0.9871497750282288,0.0,-0.058234088122844696,-0.0008683623746037483,-0.10570638626813889,1.0],"resolution":[720,540],"sequence":25,"timestamp":1700752849.717,"tracking":2,"trackingReason":0},{"exposure":0.0,"image":"frame_00000026.jpg","intrinsics":[545.3927001953125,545.3927001953125,345.9695739746094,269.46600341796875,0.0],"location":{"altitude":102.93238067626953,"altitudeAccuracy":10.056626319885254,"heading":130.3238525390625,"headingAccuracy":14.257808685302734,"headingTimestamp":1700752844.0,"latitude":43.65376281738281,"longitude":-79.41069793701172,"positionAccuracy":14.257808685302734,"positionSource":"corelocation","positionTimestamp":1700752844.0},"pose":[-0.07287422567605972,-0.001548403175547719,-0.10982142388820648,-0.07074765861034393,-0.03933032602071762,-0.7058966159820557,0.7036746144294739],"pose4x4":[0.0003262162208557129,-0.9878780245780945,0.15523257851600647,0.0,0.9990081191062927,-0.006590485572814941,-0.04404037445783615,0.0,0.044529564678668976,0.15509295463562012,0.9868957996368408,0.0,-0.07287422567605972,-0.001548403175547719,-0.10982142388820648,1.0],"resolution":[720,540],"sequence":26,"timestamp":1700752849.784,"tracking":2,"trackingReason":0},{"exposure":0.0,"image":"frame_00000027.jpg","intrinsics":[545.373291015625,545.373291015625,346.00146484375,269.3543701171875,0.0],"location":{"altitude":102.93238067626953,"altitudeAccuracy":10.056626319885254,"heading":130.3238525390625,"headingAccuracy":14.257808685302734,"headingTimestamp":1700752844.0,"latitude":43.65376281738281,"longitude":-79.41069793701172,"positionAccuracy":14.257808685302734,"positionSource":"corelocation","positionTimestamp":1700752844.0},"pose":[-0.08627790212631226,-0.001403969363309443,-0.11286231875419617,-0.07234068214893341,-0.0381321981549263,-0.7070408463478088,0.7024286985397339],"pose4x4":[-0.0027216672897338867,-0.9877745509147644,0.15586593747138977,0.0,0.9988085627555847,-0.01027989387512207,-0.047706298530101776,0.0,0.04872533679008484,0.15555039048194885,0.9866255521774292,0.0,-0.08627790212631226,-0.001403969363309443,-0.11286231875419617,1.0],"resolution":[720,540],"sequence":27,"timestamp":1700752849.851,"tracking":2,"trackingReason":0},{"exposure":0.0,"image":"frame_00000028.jpg","intrinsics":[545.3849487304688,545.3849487304688,346.0292663574219,269.31500244140625,0.0],"location":{"altitude":102.93238067626953,"altitudeAccuracy":10.056626319885254,"heading":130.3238525390625,"headingAccuracy":14.257808685302734,"headingTimestamp":1700752844.0,"latitude":43.65376281738281,"longitude":-79.41069793701172,"positionAccuracy":14.257808685302734,"positionSource":"corelocation","positionTimestamp":1700752844.0},"pose":[-0.0992479994893074,-0.0012187265092507005,-0.11471126973628998,-0.0710640698671341,-0.037463586777448654,-0.7074049711227417,0.7022282481193542],"pose4x4":[-0.003650665283203125,-0.9881948828697205,0.15315812826156616,0.0,0.9988440871238708,-0.010943889617919922,-0.046802543103694916,0.0,0.047926172614097595,0.1528102457523346,0.9870927333831787,0.0,-0.0992479994893074,-0.0012187265092507005,-0.11471126973628998,1.0],"resolution":[720,540],"sequence":28,"timestamp":1700752849.917,"tracking":2,"trackingReason":0},{"exposure":0.0,"image":"frame_00000029.jpg","intrinsics":[545.375244140625,545.375244140625,346.0379638671875,269.25701904296875,0.0],"location":{"altitude":102.93238067626953,"altitudeAccuracy":10.056626319885254,"heading":130.3238525390625,"headingAccuracy":14.257808685302734,"headingTimestamp":1700752844.0,"latitude":43.65376281738281,"longitude":-79.41069793701172,"positionAccuracy":14.257808685302734,"positionSource":"corelocation","positionTimestamp":1700752844.0},"pose":[-0.11206626892089844,-0.0022265894804149866,-0.11620982736349106,-0.07113731652498245,-0.03730027377605438,-0.7068167924880981,0.7028213143348694],"pose4x4":[-0.0019625425338745117,-0.9882249236106873,0.15299296379089355,0.0,0.9988387227058411,-0.009300947189331055,-0.04726472496986389,0.0,0.048131249845027924,0.15272256731987,0.98709636926651,0.0,-0.11206626892089844,-0.0022265894804149866,-0.11620982736349106,1.0],"resolution":[720,540],"sequence":29,"timestamp":1700752849.984,"tracking":2,"trackingReason":0},{"exposure":0.0,"image":"frame_00000030.jpg","intrinsics":[545.3868408203125,545.3868408203125,346.0533752441406,269.22442626953125,0.0],"location":{"altitude":102.93238067626953,"altitudeAccuracy":10.056626319885254,"heading":130.3238525390625,"headingAccuracy":14.257808685302734,"headingTimestamp":1700752844.0,"latitude":43.65376281738281,"longitude":-79.41069793701172,"positionAccuracy":14.257808685302734,"positionSource":"corelocation","positionTimestamp":1700752844.0},"pose":[-0.12452811002731323,-0.0032315701246261597,-0.11820218712091446,-0.0711805447936058,-0.03817194327712059,-0.7058410048484802,0.703750491142273],"pose4x4":[0.0006627440452575684,-0.9880377054214478,0.15421134233474731,0.0,0.998906135559082,-0.006556391716003418,-0.04630003869533539,0.0,0.04675724729895592,0.1540733277797699,0.9869524836540222,0.0,-0.12452811002731323,-0.0032315701246261597,-0.11820218712091446,1.0],"resolution":[720,540],"sequence":30,"timestamp":1700752850.051,"tracking":2,"trackingReason":0},{"exposure":0.0,"image":"frame_00000031.jpg","intrinsics":[545.369384765625,545.369384765625,346.0649719238281,269.2301025390625,0.0],"location":{"altitude":102.93238067626953,"altitudeAccuracy":10.056626319885254,"heading":130.3238525390625,"headingAccuracy":14.257808685302734,"headingTimestamp":1700752844.0,"latitude":43.65376281738281,"longitude":-79.41069793701172,"positionAccuracy":14.257808685302734,"positionSource":"corelocation","positionTimestamp":1700752844.0},"pose":[-0.13570313155651093,-0.0040148901753127575,-0.12131673097610474,-0.07299265265464783,-0.039564285427331924,-0.7043449878692627,0.7049856185913086],"pose4x4":[0.0046656131744384766,-0.9873303771018982,0.15860852599143982,0.0,0.998881995677948,-0.0028595924377441406,-0.047183725982904434,0.0,0.04703951254487038,0.15865135192871094,0.9862135052680969,0.0,-0.13570313155651093,-0.0040148901753127575,-0.12131673097610474,1.0],"resolution":[720,540],"sequence":31,"timestamp":1700752850.117,"tracking":2,"trackingReason":0},{"exposure":0.0,"image":"frame_00000032.jpg","intrinsics":[545.375244140625,545.375244140625,346.0805969238281,269.176513671875,0.0],"location":{"altitude":102.93238067626953,"altitudeAccuracy":10.056626319885254,"heading":130.3238525390625,"headingAccuracy":14.257808685302734,"headingTimestamp":1700752844.0,"latitude":43.65376281738281,"longitude":-79.41069793701172,"positionAccuracy":14.257808685302734,"positionSource":"corelocation","positionTimestamp":1700752844.0},"pose":[-0.14663255214691162,-0.0053053549490869045,-0.12631820142269135,-0.07487831264734268,-0.0408027246594429,-0.7012860774993896,0.7077614665031433],"pose4x4":[0.013065934181213379,-0.9865760207176208,0.16277942061424255,0.0,0.9987969994544983,0.005182147026062012,-0.048763200640678406,0.0,0.04726504534482956,0.16322073340415955,0.9854567646980286,0.0,-0.14663255214691162,-0.0053053549490869045,-0.12631820142269135,1.0],"resolution":[720,540],"sequence":32,"timestamp":1700752850.184,"tracking":2,"trackingReason":0},{"exposure":0.0,"image":"frame_00000033.jpg","intrinsics":[545.373291015625,545.373291015625,346.077392578125,269.1817932128906,0.0],"location":{"altitude":102.93238067626953,"altitudeAccuracy":10.056626319885254,"heading":130.3238525390625,"headingAccuracy":14.257808685302734,"headingTimestamp":1700752844.0,"latitude":43.65376281738281,"longitude":-79.41069793701172,"positionAccuracy":14.257808685302734,"positionSource":"corelocation","positionTimestamp":1700752844.0},"pose":[-0.1563577502965927,-0.005371895618736744,-0.13183121383190155,-0.07596129179000854,-0.03986816108226776,-0.6991859078407288,0.70977383852005],"pose4x4":[0.019099175930023193,-0.9864708781242371,0.1628168821334839,0.0,0.9985845685005188,0.010737895965576172,-0.05208016186952591,0.0,0.04962737485766411,0.16358119249343872,0.9852808117866516,0.0,-0.1563577502965927,-0.005371895618736744,-0.13183121383190155,1.0],"resolution":[720,540],"sequence":33,"timestamp":1700752850.251,"tracking":2,"trackingReason":0},{"exposure":0.0,"image":"frame_00000034.jpg","intrinsics":[545.377197265625,545.377197265625,346.05218505859375,269.0921630859375,0.0],"location":{"altitude":102.93238067626953,"altitudeAccuracy":10.056626319885254,"heading":130.3238525390625,"headingAccuracy":14.257808685302734,"headingTimestamp":1700752844.0,"latitude":43.65376281738281,"longitude":-79.41069793701172,"positionAccuracy":14.257808685302734,"positionSource":"corelocation","positionTimestamp":1700752844.0},"pose":[-0.1653648465871811,-0.0061682844534516335,-0.13797368109226227,-0.07569476962089539,-0.03559809550642967,-0.6979953050613403,0.7112000584602356],"pose4x4":[0.02307063341140747,-0.9874394536018372,0.15630391240119934,0.0,0.998217761516571,0.01414567232131958,-0.05797364190220833,0.0,0.05503445118665695,0.15736286342144012,0.9860061407089233,0.0,-0.1653648465871811,-0.0061682844534516335,-0.13797368109226227,1.0],"resolution":[720,540],"sequence":34,"timestamp":1700752850.318,"tracking":2,"trackingReason":0},{"exposure":0.0,"image":"frame_00000035.jpg","intrinsics":[545.3596801757813,545.3596801757813,346.0277404785156,269.0431213378906,0.0],"location":{"altitude":102.93238067626953,"altitudeAccuracy":10.056626319885254,"heading":130.3238525390625,"headingAccuracy":14.257808685302734,"headingTimestamp":1700752844.0,"latitude":43.65376281738281,"longitude":-79.41069793701172,"positionAccuracy":14.257808685302734,"positionSource":"corelocation","positionTimestamp":1700752844.0},"pose":[-0.1747458428144455,-0.007323586847633123,-0.14609362185001373,-0.07992707192897797,-0.03213242068886757,-0.6967708468437195,0.7121020555496216],"pose4x4":[0.026955783367156982,-0.9872074127197266,0.15714484453201294,0.0,0.9974803924560547,0.016244113445281982,-0.06905460357666016,0.0,0.06561858206987381,0.15861032903194427,0.9851583242416382,0.0,-0.1747458428144455,-0.007323586847633123,-0.14609362185001373,1.0],"resolution":[720,540],"sequence":35,"timestamp":1700752850.384,"tracking":2,"trackingReason":0},{"exposure":0.0,"image":"frame_00000036.jpg","intrinsics":[545.377197265625,545.377197265625,346.03155517578125,269.0047912597656,0.0],"location":{"altitude":102.93238067626953,"altitudeAccuracy":10.056626319885254,"heading":130.3238525390625,"headingAccuracy":14.257808685302734,"headingTimestamp":1700752844.0,"latitude":43.65376281738281,"longitude":-79.41069793701172,"positionAccuracy":14.257808685302734,"positionSource":"corelocation","positionTimestamp":1700752844.0},"pose":[-0.18257281184196472,-0.009602634236216545,-0.15681934356689453,-0.08712616562843323,-0.028746169060468674,-0.6961498260498047,0.712009608745575],"pose4x4":[0.029098153114318848,-0.9863216280937195,0.16224081814289093,0.0,0.9963398575782776,0.015568852424621582,-0.08404605090618134,0.0,0.08037063479423523,0.16409261524677277,0.9831653833389282,0.0,-0.18257281184196472,-0.009602634236216545,-0.15681934356689453,1.0],"resolution":[720,540],"sequence":36,"timestamp":1700752850.451,"tracking":2,"trackingReason":0},{"exposure":0.0,"image":"frame_00000037.jpg","intrinsics":[545.3849487304688,545.3849487304688,346.04656982421875,268.97137451171875,0.0],"location":{"altitude":102.93238067626953,"altitudeAccuracy":10.056626319885254,"heading":130.3238525390625,"headingAccuracy":14.257808685302734,"headingTimestamp":1700752844.0,"latitude":43.65376281738281,"longitude":-79.41069793701172,"positionAccuracy":14.257808685302734,"positionSource":"corelocation","positionTimestamp":1700752844.0},"pose":[-0.19017387926578522,-0.012067511677742004,-0.16874150931835175,-0.09455135464668274,-0.02440040558576584,-0.696052610874176,0.7113189101219177],"pose4x4":[0.029830753803253174,-0.9856166243553162,0.16633836925029755,0.0,0.9948449730873108,0.013141632080078125,-0.10054440796375275,0.0,0.09691248834133148,0.1684802621603012,0.9809293150901794,0.0,-0.19017387926578522,-0.012067511677742004,-0.16874150931835175,1.0],"resolution":[720,540],"sequence":37,"timestamp":1700752850.518,"tracking":2,"trackingReason":0},{"exposure":0.0,"image":"frame_00000038.jpg","intrinsics":[545.3790893554688,545.3790893554688,346.06463623046875,268.9358825683594,0.0],"location":{"altitude":102.93238067626953,"altitudeAccuracy":10.056626319885254,"heading":130.3238525390625,"headingAccuracy":14.257808685302734,"headingTimestamp":1700752844.0,"latitude":43.65376281738281,"longitude":-79.41069793701172,"positionAccuracy":14.257808685302734,"positionSource":"corelocation","positionTimestamp":1700752844.0},"pose":[-0.19875788688659668,-0.014240337535738945,-0.1826278269290924,-0.10046255588531494,-0.01905127428472042,-0.6957759857177734,0.7109431624412537],"pose4x4":[0.031065642833709717,-0.9854865074157715,0.16688761115074158,0.0,0.9931422472000122,0.011606097221374512,-0.11633549630641937,0.0,0.11271011829376221,0.16935716569423676,0.9790886640548706,0.0,-0.19875788688659668,-0.014240337535738945,-0.1826278269290924,1.0],"resolution":[720,540],"sequence":38,"timestamp":1700752850.584,"tracking":2,"trackingReason":0},{"exposure":0.0,"image":"frame_00000039.jpg","intrinsics":[545.367431640625,545.367431640625,346.0592041015625,268.882080078125,0.0],"location":{"altitude":102.93238067626953,"altitudeAccuracy":10.056626319885254,"heading":130.3238525390625,"headingAccuracy":14.257808685302734,"headingTimestamp":1700752844.0,"latitude":43.65376281738281,"longitude":-79.41069793701172,"positionAccuracy":14.257808685302734,"positionSource":"corelocation","positionTimestamp":1700752844.0},"pose":[-0.20578151941299438,-0.016139540821313858,-0.19848212599754333,-0.10390117019414902,-0.013006444089114666,-0.6952610015869141,0.7110891342163086],"pose4x4":[0.032885968685150146,-0.9860823154449463,0.16297434270381927,0.0,0.9914878606796265,0.01163339614868164,-0.12968023121356964,0.0,0.12597937881946564,0.16585172712802887,0